10
100 56 7 2
45 59
26 28
7 77
53 65
28 58
68 90
10 25
58 96
57 60
52 91
74 81
12 100
33 52
47 49
11 36
34 70
32 64
28 48
20 47
42 78
8 61
59 62
3 79
3 9
4 43
5 18
14 72
18 92
23 41
8 20
70 99
48 92
11 84
55 75
45 83
26 89
65 90
37 84
77 88
1 85
12 70
85 93
23 52
31 34
57 98
48 81
5 53
17 66
7 72
9 65
2 28
26 95
3 65
46 70
16 21
23 44
100 433 76 75
30 81
14 95
49 56
4 35
36 77
43 88
28 58
42 95
44 52
1 86
68 95
40 80
35 58
18 81
15 71
54 74
45 97
74 92
13 17
8 84
38 92
31 37
37 40
65 69
24 33
6 18
6 43
11 88
35 71
2 48
7 60
35 60
52 100
13 94
19 69
82 90
13 91
30 89
33 96
73 95
29 34
60 69
4 45
66 71
31 66
22 84
31 53
44 63
25 31
65 83
85 99
44 70
50 61
35 100
55 74
61 69
47 48
79 90
72 91
21 73
4 8
23 67
74 81
1 53
51 85
41 77
27 35
54 84
62 72
4 58
49 83
9 27
26 69
34 95
83 95
12 40
14 48
10 23
82 88
55 84
61 89
8 22
53 90
24 32
12 82
91 99
26 49
36 66
39 100
28 93
36 70
90 97
17 53
24 83
19 100
56 57
75 88
44 90
24 90
4 43
42 50
58 86
33 82
17 27
40 71
26 45
40 44
88 91
46 72
16 51
7 16
50 97
25 92
12 74
6 73
80 91
57 74
42 60
54 56
1 16
94 100
3 13
11 83
49 54
4 75
11 71
3 33
29 68
10 15
14 24
12 90
49 67
5 13
71 75
57 95
18 97
60 68
44 47
69 78
12 78
73 86
4 91
11 96
9 86
12 79
10 78
39 61
34 68
77 98
56 94
6 57
4 76
24 40
20 22
16 41
41 61
28 89
66 72
12 64
14 43
62 70
39 71
24 93
17 55
16 32
47 71
17 47
10 59
9 79
67 80
52 97
53 86
21 84
55 98
32 72
25 66
14 65
30 96
25 59
11 39
52 62
19 45
60 64
41 48
27 37
8 45
44 96
4 31
5 47
22 37
42 55
15 90
7 42
38 63
25 52
22 95
50 87
35 74
21 71
75 80
2 14
63 71
25 61
84 99
17 100
38 89
42 76
11 100
1 48
21 36
31 54
13 92
13 98
13 71
10 76
24 95
12 72
34 55
81 84
7 75
5 57
7 9
34 70
7 79
55 71
33 71
37 91
25 64
62 63
5 55
53 100
8 12
79 91
42 72
60 88
44 94
84 89
57 72
38 96
8 68
19 77
38 60
38 88
9 32
31 48
5 24
62 83
7 19
64 96
35 68
9 81
8 77
48 69
26 93
15 31
25 71
31 100
6 22
3 85
22 59
17 84
23 39
14 31
68 96
47 68
67 96
14 59
16 40
21 25
24 46
37 43
6 93
34 92
2 94
18 22
38 62
27 31
23 46
45 53
58 78
57 71
45 83
3 90
66 97
12 53
29 32
13 81
31 77
34 80
3 63
19 97
14 54
86 95
36 45
52 57
8 63
69 94
13 25
3 15
7 88
10 100
40 94
5 7
45 99
24 53
70 84
8 70
11 23
55 60
1 33
60 89
67 69
63 73
8 19
41 65
44 74
46 94
46 87
35 52
44 91
12 20
6 87
57 84
28 100
61 87
14 18
5 29
23 26
74 79
25 37
50 81
18 29
15 35
85 94
18 33
12 32
91 96
46 51
37 62
54 66
57 75
40 59
19 51
65 89
5 6
8 55
49 72
48 77
15 89
35 84
29 58
21 64
5 31
4 41
85 96
2 17
42 84
13 31
38 48
28 36
25 86
18 93
56 71
28 60
6 82
22 38
22 33
52 86
1 29
11 34
43 92
20 41
31 76
12 38
65 95
93 100
19 32
53 62
75 87
13 49
16 72
36 97
9 36
54 96
26 35
58 97
23 48
50 79
15 81
1 46
79 93
49 96
51 65
33 91
29 38
17 76
6 11
80 94
52 59
3 64
44 72
38 53
1 62
12 58
52 91
72 85
1 82
31 87
35 86
82 95
20 64
72 78
79 81
11 80
60 99
87 88
1 84
21 68
18 42
5 65
86 94
10 53
16 57
3 68
22 52
87 97
22 54
18 96
1 85
57 65
13 83
43 48
67 93
100 230 41 82
8 16
4 81
22 29
3 9
28 52
24 60
4 55
50 65
7 70
91 95
15 44
37 92
56 68
75 86
12 81
25 66
25 74
21 92
34 41
14 18
37 62
15 78
20 64
45 74
29 74
21 27
32 100
52 66
15 87
83 84
5 50
19 78
35 55
3 32
67 78
26 47
27 30
14 28
40 83
15 83
41 99
2 94
29 59
44 81
7 88
27 42
47 86
64 86
34 52
80 91
35 71
53 66
63 85
41 73
49 94
55 62
31 84
3 65
16 65
11 80
30 39
48 85
65 80
14 16
6 23
26 91
12 33
31 45
15 33
24 39
18 48
89 97
9 40
34 97
14 47
3 31
21 73
38 91
43 48
42 55
1 16
24 91
10 53
42 53
3 95
84 96
28 64
16 85
81 93
25 69
43 88
36 46
40 58
4 19
74 85
66 70
41 70
26 57
28 48
22 46
39 76
26 97
13 98
73 85
12 70
77 100
6 58
20 38
38 68
18 100
78 97
24 88
17 29
19 36
37 50
7 21
39 40
22 48
42 57
62 87
4 49
8 11
70 88
31 33
38 85
49 98
32 37
14 68
53 57
57 85
81 94
11 92
32 74
11 59
42 69
14 57
57 79
29 53
28 55
86 100
6 69
73 88
78 94
12 48
22 92
78 86
52 63
56 81
46 56
5 37
48 83
84 86
70 83
15 46
24 72
25 85
59 78
1 87
36 47
20 57
35 65
26 48
46 49
52 90
23 81
19 43
26 51
51 87
27 81
51 58
24 44
21 59
22 45
90 100
37 47
68 87
17 64
46 50
23 68
45 75
24 96
19 35
19 68
21 90
19 83
14 38
40 56
1 10
34 98
36 61
17 33
21 30
9 20
24 51
15 51
10 75
30 38
53 94
40 94
29 44
29 49
6 27
49 92
77 96
59 77
21 57
16 58
58 71
1 11
60 62
28 53
31 96
51 85
5 25
52 94
38 81
43 71
18 58
40 46
24 90
37 52
22 64
29 73
52 99
7 50
85 86
28 87
29 48
5 38
10 14
100 8 4 36
66 95
52 79
5 77
51 95
10 49
24 82
25 55
26 100
100 419 5 16
2 100
57 98
16 97
82 86
29 60
37 95
32 40
69 79
45 71
35 74
26 30
49 98
58 94
64 75
28 33
12 98
45 100
10 83
19 93
75 83
84 98
73 85
15 66
15 33
8 94
12 47
27 53
59 64
26 52
12 55
38 84
48 68
33 36
1 91
55 87
1 87
48 56
25 63
60 94
76 94
75 86
57 70
14 86
14 53
14 75
20 74
18 71
46 50
16 89
17 75
25 82
32 53
4 69
53 92
13 51
81 95
13 32
68 79
73 84
15 18
40 62
21 95
83 93
60 99
20 48
26 89
61 76
10 80
46 54
19 61
15 19
7 54
59 83
58 62
12 90
27 65
30 84
23 90
54 82
13 81
63 64
38 47
28 52
43 91
25 90
47 51
21 39
11 80
66 93
14 77
47 86
14 95
28 43
3 37
38 99
51 77
53 100
21 32
39 52
7 91
41 96
47 70
35 66
61 66
30 47
17 90
40 92
40 48
23 100
42 82
35 46
8 32
44 98
9 64
58 66
65 90
65 83
21 96
36 82
36 65
5 98
22 87
17 35
24 83
4 19
30 98
46 72
34 49
17 55
24 69
8 18
58 83
53 85
23 25
5 29
64 97
65 97
46 47
9 81
25 70
2 57
60 76
44 73
15 34
39 56
15 76
51 71
72 74
2 68
27 51
16 82
22 60
9 79
23 55
30 54
22 63
32 84
9 45
17 42
22 77
21 26
15 81
14 67
25 86
50 99
20 88
58 87
49 65
34 75
58 80
30 83
2 58
18 47
38 82
37 99
12 78
64 85
73 96
47 84
1 75
43 46
1 4
49 59
16 77
97 98
18 32
36 94
14 91
31 60
29 49
49 85
51 97
15 67
92 99
32 75
9 36
50 77
59 84
13 54
76 96
3 35
8 86
68 76
9 75
26 44
3 9
30 65
71 97
2 56
1 94
8 45
12 91
66 81
26 58
34 63
44 94
35 86
56 70
25 72
12 36
37 78
90 92
9 52
2 37
75 94
19 82
58 78
51 78
15 42
8 38
5 16
40 56
38 42
10 46
6 44
28 66
7 19
65 70
6 20
56 77
62 64
37 46
18 21
4 98
77 96
5 48
90 95
68 73
20 56
1 27
35 36
43 52
51 73
6 49
36 96
12 46
78 91
33 93
54 59
28 65
3 70
12 23
26 43
61 87
10 39
39 94
5 68
77 92
50 55
2 73
2 35
40 83
67 98
31 35
39 95
77 99
44 55
6 90
3 99
13 83
50 80
47 61
40 57
9 42
24 56
20 26
4 65
20 45
35 55
3 24
16 38
60 68
79 100
11 40
27 62
95 98
12 44
63 80
46 84
26 46
48 61
69 89
3 15
24 58
1 32
30 73
41 78
16 67
91 95
4 57
53 69
34 47
10 54
10 51
9 43
85 90
27 39
14 16
73 75
15 84
8 46
18 69
15 60
26 61
13 77
61 93
14 41
14 55
62 89
49 63
60 90
17 47
40 85
19 77
7 68
34 86
30 46
6 34
5 19
21 24
50 71
75 79
76 86
12 17
37 42
42 97
15 64
33 83
41 98
64 83
79 95
87 97
79 86
57 93
17 69
28 93
19 80
31 96
58 100
37 97
67 79
9 24
30 89
12 22
34 61
22 51
35 89
38 100
3 76
3 91
14 96
44 61
37 43
13 58
86 89
37 86
31 41
7 55
81 92
3 44
11 45
26 75
11 56
48 55
24 70
11 52
9 35
14 80
21 43
39 66
71 80
31 82
67 90
63 72
21 88
1 25
71 81
8 95
55 69
28 83
8 12
4 58
26 60
28 47
77 87
18 20
7 56
41 73
85 89
40 77
13 50
25 64
27 61
41 67
34 93
49 94
79 94
78 94
42 53
100 98 39 47
12 73
61 63
3 24
18 94
50 92
16 100
28 75
19 43
60 72
45 75
8 95
58 62
8 43
9 99
44 77
4 82
55 89
44 55
53 92
40 70
29 100
21 95
7 81
18 80
60 94
58 64
22 66
16 90
29 86
1 82
53 72
6 83
40 74
45 78
37 89
46 56
82 88
8 79
10 61
12 52
23 73
20 79
35 76
37 90
62 83
12 19
39 57
7 29
34 78
14 71
57 97
13 38
49 93
30 72
74 95
37 59
41 85
57 86
44 79
81 90
41 59
30 87
21 81
9 35
92 93
30 59
55 58
33 43
35 95
71 76
12 23
91 94
46 79
13 67
27 34
32 83
89 98
22 100
16 29
74 92
52 82
86 90
10 48
16 25
14 41
25 45
37 46
22 62
6 93
24 83
14 70
24 27
2 86
17 30
15 36
20 72
13 66
34 52
100 486 20 74
36 95
1 38
71 82
50 88
15 85
78 95
76 92
57 82
72 85
70 91
54 62
73 75
30 52
33 50
11 14
82 91
70 75
52 80
12 66
90 93
54 67
37 78
91 92
42 50
55 88
75 95
7 80
34 58
5 41
21 98
10 69
28 74
44 52
55 60
89 99
19 91
23 27
41 78
91 98
1 13
1 79
56 80
5 84
63 78
3 44
84 85
74 96
77 94
28 37
70 73
34 62
2 11
36 90
32 78
4 25
65 88
28 72
39 79
17 73
31 73
7 26
58 90
40 60
98 99
18 71
8 89
88 89
22 85
2 82
13 42
16 64
49 98
36 56
22 70
3 36
34 79
19 73
9 87
17 90
23 94
67 98
46 65
43 60
66 71
20 55
26 73
61 65
28 76
14 23
3 66
25 41
70 83
56 91
2 66
2 33
47 53
1 49
63 88
30 97
63 70
6 35
43 55
37 39
15 44
28 90
52 57
44 95
9 88
58 86
21 93
27 78
59 91
14 27
4 46
42 52
20 43
35 80
81 97
48 69
41 83
50 80
19 65
2 26
34 67
20 38
10 86
8 27
12 52
40 69
33 48
81 92
93 98
50 67
61 78
37 93
2 14
13 88
41 94
50 86
15 92
33 79
46 86
5 53
53 80
67 72
36 75
27 88
6 98
27 66
41 98
15 89
32 68
85 99
36 91
12 13
45 51
46 66
14 51
63 89
64 93
10 40
8 19
64 70
7 43
53 63
82 94
30 38
17 30
45 62
13 64
34 49
50 92
33 61
15 90
42 67
16 35
25 67
36 58
36 57
86 89
48 86
20 54
3 50
40 58
14 50
38 86
49 63
6 71
14 97
64 65
25 37
9 73
89 96
13 73
17 92
31 56
27 42
10 39
6 20
73 100
58 64
19 28
37 69
37 68
79 89
47 58
31 82
20 85
24 99
54 82
11 39
68 70
6 13
43 48
10 90
37 62
53 54
20 58
19 35
51 93
23 51
18 30
40 76
42 55
40 51
11 98
11 74
20 28
17 23
19 63
27 46
18 93
10 64
9 69
10 20
35 36
69 72
11 35
36 49
62 88
58 77
5 86
3 73
25 34
49 54
12 65
7 81
28 66
3 46
67 85
48 81
24 87
38 90
57 94
31 85
26 86
25 78
37 44
42 45
54 100
1 68
28 47
50 70
4 45
19 70
11 83
27 96
40 59
9 71
32 53
17 76
16 71
65 95
8 24
31 54
31 76
84 94
15 71
54 71
8 79
52 97
56 98
11 76
58 98
10 75
22 50
88 96
40 65
56 99
4 21
16 98
19 29
23 56
58 99
3 43
42 88
58 91
1 67
33 46
5 62
46 100
1 26
66 90
15 73
52 67
30 79
34 40
32 40
1 27
18 78
46 54
20 47
63 95
90 91
83 87
10 29
38 82
56 93
53 90
33 51
47 63
15 50
51 90
11 97
62 66
22 38
23 59
20 59
25 97
9 77
58 71
48 58
58 93
39 94
51 70
43 44
45 71
11 95
16 43
16 52
36 84
4 48
27 54
90 99
53 76
3 45
22 94
43 77
43 99
19 42
36 44
47 59
39 45
20 74
26 33
49 50
80 94
47 55
2 46
45 80
21 36
7 36
2 69
8 51
11 64
31 53
29 45
14 86
4 95
70 95
27 43
32 45
20 32
6 83
53 85
46 99
70 74
24 77
45 76
61 69
24 28
20 45
31 87
21 78
74 99
19 48
3 67
10 37
1 58
64 91
38 98
40 80
46 71
18 42
67 69
32 97
24 55
4 38
39 98
45 50
3 91
2 96
52 84
3 61
14 72
12 88
8 13
17 41
53 95
69 94
31 59
51 75
73 82
20 95
42 57
2 51
20 90
23 43
13 21
30 56
25 65
32 74
8 54
6 38
57 66
12 47
3 35
7 65
7 22
38 100
11 23
8 44
96 98
97 100
77 78
50 55
22 37
35 64
3 93
21 60
55 58
18 88
60 84
38 68
10 33
57 76
40 78
35 39
8 38
23 24
17 86
31 67
65 68
39 70
70 87
18 90
59 87
10 44
50 78
53 59
66 83
36 60
71 83
54 69
20 93
23 49
11 86
13 62
15 33
41 91
76 100
58 74
10 92
70 86
9 28
9 44
38 75
18 83
15 69
14 32
69 93
72 100
58 67
45 85
47 77
26 92
100 66 92 93
7 17
57 95
28 54
6 8
7 65
5 49
10 26
27 65
27 83
64 95
25 96
34 88
81 92
63 96
11 30
20 54
35 59
23 84
10 74
42 100
21 45
60 90
37 49
27 94
98 99
1 95
35 86
58 96
9 47
10 95
8 32
48 64
68 74
54 75
12 83
78 96
75 94
6 14
43 59
2 32
41 82
44 79
5 15
30 96
4 80
39 73
36 53
42 75
55 84
73 90
71 99
30 58
24 55
66 94
10 86
51 70
70 84
47 70
7 81
37 85
81 93
32 57
25 68
75 93
58 72
16 38
100 291 53 84
38 96
15 91
31 55
16 39
19 96
46 55
76 88
45 83
77 90
58 73
76 82
10 66
56 92
55 100
6 89
3 7
77 80
16 74
25 40
75 79
24 95
55 73
15 87
55 89
47 68
33 35
1 36
34 44
71 82
15 93
4 82
89 90
7 14
29 63
12 35
45 85
82 94
94 95
38 75
67 77
34 99
63 73
66 91
38 76
79 80
5 56
17 36
18 74
33 42
56 70
40 55
43 95
10 31
14 31
47 77
28 80
20 84
6 68
47 49
8 73
41 69
16 47
16 92
30 95
9 51
87 98
51 68
55 99
26 55
13 75
20 36
68 79
51 62
40 54
39 80
9 49
17 70
29 67
28 85
1 90
33 67
6 84
16 33
24 73
50 96
20 24
67 68
46 94
25 60
1 74
68 76
53 74
61 70
5 90
10 20
6 99
13 50
14 80
27 47
16 68
13 70
26 97
61 91
22 83
65 77
18 71
39 67
6 45
26 27
6 79
16 95
36 52
39 88
76 95
2 67
7 50
18 89
16 93
26 79
4 43
53 62
9 83
16 67
74 77
36 60
66 92
43 59
51 67
11 23
26 36
14 88
60 84
60 96
57 65
30 48
1 59
15 22
50 76
25 59
68 95
49 62
5 69
30 37
18 53
7 47
11 61
12 92
67 78
2 14
1 67
7 48
9 77
57 58
45 92
14 41
56 73
32 42
46 72
33 76
72 90
62 98
5 22
13 41
83 100
4 76
29 69
63 89
31 46
3 99
17 27
48 96
49 69
37 50
83 86
19 28
11 26
24 32
22 95
8 28
30 70
6 13
36 80
44 58
42 83
8 83
32 50
33 43
3 83
44 72
37 95
33 34
62 96
30 66
36 53
36 41
88 92
18 59
7 89
4 68
4 33
39 91
22 36
52 68
80 91
70 78
48 67
20 86
20 59
43 80
3 85
8 30
20 85
51 93
56 62
6 54
4 15
12 78
25 92
5 64
1 80
12 86
96 97
73 82
85 88
27 84
16 64
73 99
40 82
48 85
34 84
33 73
23 47
1 96
52 91
66 97
25 94
85 90
32 46
61 78
29 88
32 37
38 74
66 76
10 82
1 94
43 49
9 66
37 72
12 48
19 57
52 99
1 2
15 72
19 32
5 15
92 95
52 97
27 59
74 83
27 49
38 80
69 85
9 46
10 22
28 84
7 16
55 93
15 42
24 63
43 62
27 87
25 93
2 87
69 100
35 50
20 96
58 80
19 23
61 98
27 85
24 25
41 45
8 22
53 58
24 65
60 83
59 93
72 78
75 97
32 59
8 99
100 358 54 59
35 49
19 26
4 71
73 91
35 85
28 70
31 78
23 73
1 13
67 98
2 7
7 22
13 62
67 89
77 78
16 50
24 34
9 99
10 45
51 87
9 75
44 70
13 66
5 9
49 90
37 77
27 92
18 100
26 81
7 56
35 76
81 89
46 48
58 61
21 57
70 87
38 98
51 58
73 95
28 55
61 91
48 57
44 95
16 34
31 41
25 82
53 68
79 94
66 97
7 32
84 89
43 90
6 79
1 89
48 56
84 96
42 85
14 79
21 83
11 37
46 74
48 95
56 73
52 53
11 43
51 93
60 97
34 91
30 86
31 68
67 76
7 38
50 77
13 25
47 53
3 4
2 36
18 40
41 88
24 99
49 70
51 79
48 74
47 97
54 78
83 99
7 97
76 82
21 26
2 87
19 97
14 30
3 45
41 48
18 57
5 49
67 74
16 63
16 78
17 89
18 39
21 40
21 88
33 85
45 68
18 43
40 50
4 45
16 80
98 99
66 80
37 96
1 97
42 55
53 70
6 60
8 32
56 70
75 82
28 72
55 62
12 89
43 55
42 86
43 94
4 96
2 10
72 77
40 51
14 64
39 59
17 43
50 80
56 92
27 75
80 92
3 21
36 96
4 33
5 64
32 81
79 96
14 24
29 46
63 79
50 84
21 72
15 16
1 78
1 40
39 79
7 50
37 65
33 34
31 91
9 56
3 6
52 68
63 75
37 53
5 81
52 90
39 65
31 33
56 71
33 79
33 50
45 91
7 71
23 78
32 50
37 83
14 76
49 67
79 83
20 33
40 65
31 81
28 54
50 83
4 22
10 16
8 83
19 43
29 88
46 65
55 72
24 44
25 71
6 39
44 69
6 53
12 18
22 30
17 94
73 100
37 80
7 82
23 89
1 32
29 62
62 100
30 56
22 65
18 74
47 76
36 87
40 85
18 67
68 86
82 84
7 9
13 76
10 90
30 85
64 80
27 51
2 90
65 91
17 33
9 44
61 75
98 100
63 68
62 81
53 89
3 9
31 50
55 84
68 70
45 50
85 89
11 88
79 86
39 55
75 86
55 87
38 59
74 92
61 87
45 53
86 96
17 25
70 80
10 99
21 97
26 63
27 100
34 83
26 89
23 72
19 94
14 65
17 68
20 55
29 60
9 59
11 42
36 94
22 60
17 30
46 54
80 98
38 73
7 39
10 35
52 59
24 48
51 78
38 56
1 26
50 91
78 87
33 39
13 70
6 100
58 73
9 84
39 48
11 84
53 79
22 81
78 81
18 50
18 69
58 100
60 72
16 47
17 39
14 50
22 96
20 76
42 82
11 97
49 93
12 54
44 58
43 95
45 46
32 80
2 67
26 78
11 27
2 75
30 40
28 35
7 20
80 89
12 13
86 94
47 59
2 6
61 71
13 37
2 61
12 16
50 55
4 64
18 68
4 85
16 71
13 14
65 100
23 24
76 84
74 78
87 88
51 57
7 93
38 46
27 96
16 75
73 75
39 40
47 98
45 88
7 15
63 78
73 98
29 72
65 68
22 61
52 54
40 62
16 28
29 36
10 19
13 82
89 100
83 88
4 92
18 42
58 88
15 25
9 36
24 62
37 88
63 71
