5
56
3 1
1 4
5 1
1 6
7 1
1 8
9 1
1 10
11 1
1 12
13 1
1 14
15 1
1 16
17 1
1 18
19 1
1 20
21 1
1 22
23 1
1 24
25 1
1 26
27 1
1 28
29 1
1 30
2 3
4 2
2 5
6 2
2 7
8 2
2 9
10 2
2 11
12 2
2 13
14 2
2 15
16 2
2 17
18 2
2 19
20 2
2 21
22 2
2 23
24 2
2 25
26 2
2 27
28 2
2 29
30 2
176
9 1
1 10
11 1
1 12
13 1
1 14
15 1
1 16
17 1
1 18
19 1
1 20
21 1
1 22
23 1
1 24
25 1
1 26
27 1
1 28
29 1
1 30
2 9
10 2
2 11
12 2
2 13
14 2
2 15
16 2
2 17
18 2
2 19
20 2
2 21
22 2
2 23
24 2
2 25
26 2
2 27
28 2
2 29
30 2
9 3
3 10
11 3
3 12
13 3
3 14
15 3
3 16
17 3
3 18
19 3
3 20
21 3
3 22
23 3
3 24
25 3
3 26
27 3
3 28
29 3
3 30
4 9
10 4
4 11
12 4
4 13
14 4
4 15
16 4
4 17
18 4
4 19
20 4
4 21
22 4
4 23
24 4
4 25
26 4
4 27
28 4
4 29
30 4
9 5
5 10
11 5
5 12
13 5
5 14
15 5
5 16
17 5
5 18
19 5
5 20
21 5
5 22
23 5
5 24
25 5
5 26
27 5
5 28
29 5
5 30
6 9
10 6
6 11
12 6
6 13
14 6
6 15
16 6
6 17
18 6
6 19
20 6
6 21
22 6
6 23
24 6
6 25
26 6
6 27
28 6
6 29
30 6
9 7
7 10
11 7
7 12
13 7
7 14
15 7
7 16
17 7
7 18
19 7
7 20
21 7
7 22
23 7
7 24
25 7
7 26
27 7
7 28
29 7
7 30
8 9
10 8
8 11
12 8
8 13
14 8
8 15
16 8
8 17
18 8
8 19
20 8
8 21
22 8
8 23
24 8
8 25
26 8
8 27
28 8
8 29
30 8
125
1 6
7 1
1 8
9 1
1 10
11 1
1 12
13 1
1 14
15 1
1 16
17 1
1 18
19 1
1 20
21 1
1 22
23 1
1 24
25 1
1 26
27 1
1 28
29 1
1 30
6 2
2 7
8 2
2 9
10 2
2 11
12 2
2 13
14 2
2 15
16 2
2 17
18 2
2 19
20 2
2 21
22 2
2 23
24 2
2 25
26 2
2 27
28 2
2 29
30 2
3 6
7 3
3 8
9 3
3 10
11 3
3 12
13 3
3 14
15 3
3 16
17 3
3 18
19 3
3 20
21 3
3 22
23 3
3 24
25 3
3 26
27 3
3 28
29 3
3 30
6 4
4 7
8 4
4 9
10 4
4 11
12 4
4 13
14 4
4 15
16 4
4 17
18 4
4 19
20 4
4 21
22 4
4 23
24 4
4 25
26 4
4 27
28 4
4 29
30 4
5 6
7 5
5 8
9 5
5 10
11 5
5 12
13 5
5 14
15 5
5 16
17 5
5 18
19 5
5 20
21 5
5 22
23 5
5 24
25 5
5 26
27 5
5 28
29 5
5 30
29
1 2
3 1
1 4
5 1
1 6
7 1
1 8
9 1
1 10
11 1
1 12
13 1
1 14
15 1
1 16
17 1
1 18
19 1
1 20
21 1
1 22
23 1
1 24
25 1
1 26
27 1
1 28
29 1
1 30
200
11 1
1 12
13 1
1 14
15 1
1 16
17 1
1 18
19 1
1 20
21 1
1 22
23 1
1 24
25 1
1 26
27 1
1 28
29 1
1 30
2 11
12 2
2 13
14 2
2 15
16 2
2 17
18 2
2 19
20 2
2 21
22 2
2 23
24 2
2 25
26 2
2 27
28 2
2 29
30 2
11 3
3 12
13 3
3 14
15 3
3 16
17 3
3 18
19 3
3 20
21 3
3 22
23 3
3 24
25 3
3 26
27 3
3 28
29 3
3 30
4 11
12 4
4 13
14 4
4 15
16 4
4 17
18 4
4 19
20 4
4 21
22 4
4 23
24 4
4 25
26 4
4 27
28 4
4 29
30 4
11 5
5 12
13 5
5 14
15 5
5 16
17 5
5 18
19 5
5 20
21 5
5 22
23 5
5 24
25 5
5 26
27 5
5 28
29 5
5 30
6 11
12 6
6 13
14 6
6 15
16 6
6 17
18 6
6 19
20 6
6 21
22 6
6 23
24 6
6 25
26 6
6 27
28 6
6 29
30 6
11 7
7 12
13 7
7 14
15 7
7 16
17 7
7 18
19 7
7 20
21 7
7 22
23 7
7 24
25 7
7 26
27 7
7 28
29 7
7 30
8 11
12 8
8 13
14 8
8 15
16 8
8 17
18 8
8 19
20 8
8 21
22 8
8 23
24 8
8 25
26 8
8 27
28 8
8 29
30 8
11 9
9 12
13 9
9 14
15 9
9 16
17 9
9 18
19 9
9 20
21 9
9 22
23 9
9 24
25 9
9 26
27 9
9 28
29 9
9 30
10 11
12 10
10 13
14 10
10 15
16 10
10 17
18 10
10 19
20 10
10 21
22 10
10 23
24 10
10 25
26 10
10 27
28 10
10 29
30 10